/work/bin/cbl_check.py:78: DeprecationWarning: `trapz` is deprecated. Use `trapezoid` instead, or one of the numerical integration functions in `scipy.integrate`.
  ti = float(np.trapz(p["tke"], p["z"]))
  77 dumps, t = 11 .. 844 min of simulated time

   t (min)  z_i (m)  w* (m/s)  u* (m/s)    wth_s  entr ratio   TKE int
      11.0      399     0.002     0.468   0.0000   16784.476       3.7
      21.9      399     0.002     0.389   0.0000  402189.725      10.2
      32.9      443     0.002     0.379   0.0000   17820.417      26.4
      43.9      127     0.002     0.402   0.0000   99246.993      48.3
      54.8      120     0.002     0.455   0.0000  277273.107      84.7
      65.8      147     0.002     0.488   0.0000  476809.239     107.4
      76.8      184     0.002     0.471   0.0000  512154.055     113.0
      87.7      386     0.002     0.467   0.0000  542928.817     123.5
      98.7      386     0.002     0.456   0.0000 2311490.025     128.3
     109.6      386     0.002     0.447   0.0000 1421433.090     128.2
     120.6      386     0.002     0.444   0.0000 1216165.584     136.0
     131.6      372     0.002     0.440   0.0000 1797820.471     135.4
     142.5      359     0.002     0.435   0.0000 1081773.283     131.4
     153.5      359     0.002     0.427   0.0000 1174120.912     125.9
     164.5      443     0.002     0.421   0.0000 1026633.517     120.4
     175.4      346     0.002     0.420   0.0000 1237139.084     115.1
     186.4      346     0.002     0.414   0.0000 1018434.307     106.9
     197.4      428     0.002     0.404   0.0000 1441263.981     104.2
     208.3      359     0.002     0.398   0.0000 1415060.331     105.9
     219.3      359     0.002     0.388   0.0000 1876278.456     105.9
     230.3      346     0.002     0.389   0.0000 1511374.538     104.3
     241.2      346     0.002     0.387   0.0000 1497071.396     101.2
     252.2      359     0.002     0.384   0.0000  955540.776      97.2
     263.2      334     0.002     0.374   0.0000 1098207.759      92.1
     274.1      299     0.002     0.371   0.0000  903967.743      88.2
     285.1      334     0.002     0.363   0.0000 1162534.870      85.6
     296.1      346     0.002     0.351   0.0000 1106761.676      81.9
     307.0      310     0.002     0.347   0.0000  924145.198      79.2
     318.0      346     0.002     0.350   0.0000 2183901.894      82.8
     328.9      346     0.002     0.353   0.0000 1780075.120      85.9
     339.9      346     0.002     0.354   0.0000 1356630.341      86.1
     350.9      322     0.002     0.351   0.0000 1563249.894      84.4
     361.8      334     0.002     0.351   0.0000 1360599.384      82.3
     372.8      334     0.002     0.345   0.0000 1354488.687      78.4
     383.8      372     0.002     0.344   0.0000 1372442.043      77.3
     394.7      299     0.002     0.342   0.0000 1106724.246      76.9
     405.7      310     0.002     0.336   0.0000 1021713.954      73.6
     416.7      334     0.002     0.338   0.0000 1254122.579      75.6
     427.6      372     0.002     0.337   0.0000 2019645.314      75.4
     438.6      346     0.002     0.338   0.0000 1555479.978      75.4
     449.6      334     0.002     0.339   0.0000 1197642.871      76.0
     460.5      334     0.002     0.336   0.0000 1816849.382      73.8
     471.5      334     0.002     0.333   0.0000 1169965.206      72.1
     482.5      334     0.002     0.328   0.0000 2011587.503      69.7
     493.4      322     0.002     0.326   0.0000 1355251.498      65.9
     504.4      299     0.002     0.331   0.0000 1158007.205      68.0
     515.4      322     0.002     0.331   0.0000 2609610.370      69.6
     526.3      334     0.002     0.328   0.0000 2369388.357      70.5
     537.3      322     0.002     0.331   0.0000 2423883.042      73.0
     548.2      334     0.002     0.330   0.0000 3673166.856      71.0
     559.2      322     0.002     0.327   0.0000 1446517.787      68.6
     570.2      322     0.002     0.327   0.0000 1917738.095      67.7
     581.1      322     0.002     0.320   0.0000 1832223.895      66.4
     592.1      256     0.002     0.326   0.0000 1148538.233      66.9
     603.1      310     0.002     0.329   0.0000 1370665.040      67.2
     614.0      346     0.002     0.327   0.0000 2534430.059      68.8
     625.0      299     0.002     0.325   0.0000 1378395.044      69.6
     636.0      299     0.002     0.331   0.0000 1771266.280      71.4
     646.9      277     0.002     0.331   0.0000 1795735.942      72.9
     657.9      299     0.002     0.333   0.0000 1386945.029      71.8
     668.9      310     0.002     0.335   0.0000 2826793.705      70.6
     679.8      310     0.002     0.331   0.0000 2139842.689      70.2
     690.8      266     0.002     0.336   0.0000 1574743.026      74.5
     701.8      310     0.002     0.335   0.0000 3041298.624      74.2
     712.7      299     0.002     0.336   0.0000 3098391.024      78.0
     723.7      310     0.002     0.337   0.0000 2945316.127      80.9
     734.6      218     0.002     0.346   0.0000 1729602.474      83.0
     745.6      310     0.002     0.348   0.0000 2472995.168      79.3
     756.6      310     0.002     0.354   0.0000 2563218.620      81.5
     767.5      299     0.002     0.354   0.0000 4666658.179      81.9
     778.5      227     0.002     0.352   0.0000 1951590.130      80.1
     789.5      266     0.002     0.357   0.0000 2148626.651      82.3
     800.4      209     0.002     0.352   0.0000 1775261.192      81.8
     811.4      246     0.002     0.354   0.0000 1980777.919      80.7
     822.4      246     0.002     0.359   0.0000 2429209.338      83.4
     833.3      218     0.002     0.362   0.0000 1967412.564      82.8
     844.3      256     0.002     0.355   0.0000 2033136.321      81.3

  --- final state: z_i = 256 m, w* = 0.002 m/s, T* = z_i/w* = 126070 s, u* = 0.355 m/s
      L = -3408301158.5 m,  z_i/L = -0.0,  10/L = -0.000  (CONUS404 midday p50 at this site: z_i/L = -19.8)
      z_i growth over the last 3 dumps: +27 m/h (entrainment; a CBL has no stationary depth)

  --- sigma_w / w* against Lenschow et al. (1980) (resolved + sub-grid) ---
    z/z_i   z (m)     LES  Lenschow   ratio
     0.05      14 201.731     0.487  414.53
     0.10      26 166.239     0.576  288.69
     0.20      52 168.829     0.660  255.84
     0.36      92 174.358     0.679  256.78
     0.50     127 162.313     0.640  253.54
     0.69     176 143.247     0.532  269.22
     0.89     227 111.688     0.374  298.55
     1.00     256  85.760     0.268  320.00
      surface flux (prescribed htFlux) 0.0000 K m/s; resolved w'theta' at the first level is only -0.0000 -- the rest is sub-grid
      w*/u* = 0.01  (free convection dominates above ~2)

  entrainment ratio 2033136.321  (expected ~0.2): OUTSIDE 0.10-0.35 -- check the capping inversion
