  --- TKE stationarity ---
      step   t(min)    TKE_col       u*
     20000    20.83    0.00447   0.4682
     40000    41.67    0.01643   0.3891
     60000    62.50    0.04760   0.3793
     80000    83.33    0.08734   0.4022
    100000   104.17    0.14600   0.4554
    120000   125.00    0.17126   0.4879
    140000   145.83    0.16879   0.4710
    160000   166.67    0.17827   0.4673
    180000   187.50    0.17880   0.4564
    200000   208.33    0.17539   0.4466
    220000   229.17    0.18363   0.4442
    240000   250.00    0.18153   0.4402
    260000   270.83    0.17432   0.4347
    280000   291.67    0.16696   0.4266
    300000   312.50    0.16143   0.4207
    320000   333.33    0.15537   0.4198
    340000   354.17    0.14398   0.4137
    360000   375.00    0.14003   0.4036
    380000   395.83    0.14146   0.3977
    400000   416.67    0.14047   0.3881
    420000   437.50    0.13853   0.3891
    440000   458.33    0.13529   0.3867
    460000   479.17    0.12988   0.3838
    480000   500.00    0.12338   0.3738
    500000   520.83    0.11916   0.3711
    520000   541.67    0.11550   0.3627
    540000   562.50    0.10869   0.3509
    560000   583.33    0.10491   0.3466
    580000   604.17    0.11104   0.3498
    600000   625.00    0.11510   0.3533
    620000   645.83    0.11475   0.3541
    640000   666.67    0.11295   0.3507
    660000   687.50    0.10917   0.3506
    680000   708.33    0.10471   0.3448
    700000   729.17    0.10427   0.3435
    720000   750.00    0.10524   0.3419
    740000   770.83    0.10086   0.3356
    760000   791.67    0.10423   0.3383
    780000   812.50    0.10334   0.3375
    800000   833.33    0.10246   0.3378
    820000   854.17    0.10334   0.3393
    840000   875.00    0.09993   0.3356
    860000   895.83    0.09701   0.3334
    880000   916.67    0.09280   0.3285
    900000   937.50    0.08917   0.3264
    920000   958.33    0.09305   0.3310
    940000   979.17    0.09447   0.3310
    960000  1000.00    0.09491   0.3275
    980000  1020.83    0.09847   0.3314
   1000000  1041.67    0.09465   0.3300
   1020000  1062.50    0.09170   0.3270
   1040000  1083.33    0.09190   0.3274
   1060000  1104.17    0.08894   0.3204
   1080000  1125.00    0.09190   0.3261
   1100000  1145.83    0.09270   0.3293
   1120000  1166.67    0.09523   0.3270
   1140000  1187.50    0.09485   0.3254
   1160000  1208.33    0.09731   0.3308
   1180000  1229.17    0.09863   0.3311
   1200000  1250.00    0.09714   0.3330
   1220000  1270.83    0.09619   0.3347
   1240000  1291.67    0.09418   0.3312
   1260000  1312.50    0.10051   0.3359
   1280000  1333.33    0.09774   0.3354
   1300000  1354.17    0.10207   0.3364
   1320000  1375.00    0.10662   0.3371
   1340000  1395.83    0.11090   0.3458
   1360000  1416.67    0.10457   0.3477
   1380000  1437.50    0.10890   0.3545
   1400000  1458.33    0.10845   0.3542
   1420000  1479.17    0.10700   0.3521
   1440000  1500.00    0.11192   0.3572
   1460000  1520.83    0.10815   0.3520
   1480000  1541.67    0.10691   0.3537
   1500000  1562.50    0.11042   0.3589
   1520000  1583.33    0.11135   0.3621
   1540000  1604.17    0.10840   0.3545

  --- stationarity over the last 6 dumps (t = 1500-1604 min) ---
  domain TKE  mean   0.10953  scatter   1.8%   trend   -0.34 +/-  1.39 %/h   (-0.24 sigma)
  u*          mean   0.35641  scatter   1.0%   trend   +0.52 +/-  0.76 %/h   (+0.68 sigma)
  STATIONARY: YES  (both trends within 2 sigma of zero)

  --- vs NBL validation (t=6-7 h reference) ---
  quantity                                   ours      NBL ref
  sigma_w^2 peak / u*^2                     0.867        0.730
  height of sigma_w^2 peak (m)                 92          130
  u* (m/s)                                  0.355        0.410
  wind speed, first level (m/s)              2.39         4.30
  wind veering, sfc->free (deg)             -35.8        -25.0
  sigma_w^2 -> 0 by (m)                       458          650

  --- sigma_w^2 / u*^2 profile ---
   z=    2.0 m    0.002 |
   z=   10.0 m    0.041 |#
   z=   18.1 m    0.146 |#####
   z=   26.3 m    0.300 |##########
   z=   34.6 m    0.458 |################
   z=   43.2 m    0.596 |#####################
   z=   52.1 m    0.705 |#########################
   z=   61.3 m    0.778 |############################
   z=   70.9 m    0.825 |##############################
   z=   81.0 m    0.857 |###############################
   z=   91.5 m    0.867 |###############################
   z=  102.6 m    0.849 |###############################
   z=  114.3 m    0.817 |#############################
   z=  126.7 m    0.774 |############################
   z=  139.8 m    0.721 |##########################
   z=  153.7 m    0.670 |########################
   z=  168.3 m    0.622 |######################
   z=  183.9 m    0.571 |####################
   z=  200.4 m    0.492 |##################
   z=  217.8 m    0.397 |##############
   z=  276.7 m    0.162 |#####
   z=  346.3 m    0.641 |#######################
   z=  428.2 m    0.142 |#####
   z=  523.8 m    0.013 |
