/work/bin/cbl_check.py:78: DeprecationWarning: `trapz` is deprecated. Use `trapezoid` instead, or one of the numerical integration functions in `scipy.integrate`.
  ti = float(np.trapz(p["tke"], p["z"]))
  45 dumps, t = 0 .. 482 min of simulated time

   t (min)  z_i (m)  w* (m/s)  u* (m/s)    wth_s  entr ratio   TKE int
       0.0        2     0.207     0.000   0.1363      -0.000       0.0
      11.0      882     1.575     0.481   0.1363       0.000      15.4
      21.9      907     1.591     0.722   0.1363       0.000     217.0
      32.9      882     1.576     0.639   0.1363       0.001     321.7
      43.9      882     1.576     0.632   0.1363       0.028     501.8
      54.8      882     1.576     0.617   0.1363       0.054     728.3
      65.8      882     1.576     0.617   0.1363       0.079     925.1
      76.8      857     1.561     0.618   0.1363       0.059    1031.8
      87.7      857     1.561     0.609   0.1363       0.027     933.7
      98.7      882     1.576     0.600   0.1363       0.053     966.5
     109.6      857     1.560     0.611   0.1363       0.100    1022.8
     120.6      857     1.560     0.598   0.1363       0.099    1020.4
     131.6      882     1.575     0.589   0.1363       0.071    1078.0
     142.5      882     1.575     0.598   0.1363       0.266    1235.3
     153.5      857     1.560     0.591   0.1363       0.129    1230.9
     164.5      857     1.560     0.587   0.1363       0.157    1096.9
     175.4      832     1.545     0.578   0.1363       0.135     973.4
     186.4      882     1.575     0.570   0.1363       0.145    1096.4
     197.4      808     1.530     0.554   0.1363       0.143    1114.1
     208.3      857     1.560     0.556   0.1363       0.101     976.1
     219.3      907     1.590     0.548   0.1363       0.111     873.6
     230.3      832     1.544     0.550   0.1363       0.080     929.5
     241.2      882     1.574     0.564   0.1363       0.159     979.5
     252.2      882     1.574     0.559   0.1363       0.166     998.7
     263.2      832     1.544     0.548   0.1363       0.085     977.6
     274.1      857     1.559     0.537   0.1363       0.157     991.3
     285.1      832     1.544     0.548   0.1363       0.130     994.8
     296.1      857     1.559     0.533   0.1363       0.098     895.4
     307.0      832     1.544     0.526   0.1363       0.082     935.2
     318.0      857     1.559     0.526   0.1363       0.154    1052.1
     328.9      832     1.544     0.535   0.1363       0.114    1030.5
     339.9      785     1.514     0.522   0.1363       0.102    1023.2
     350.9      832     1.543     0.527   0.1363       0.170    1061.7
     361.8      934     1.603     0.521   0.1363       0.144    1029.7
     372.8      832     1.543     0.534   0.1363       0.130     935.3
     383.8      857     1.558     0.521   0.1363       0.086     919.7
     394.7      832     1.543     0.515   0.1363       0.124    1093.8
     405.7      832     1.543     0.518   0.1363       0.274    1170.4
     416.7      808     1.528     0.512   0.1363       0.187    1050.0
     427.6      934     1.603     0.509   0.1363       0.084    1000.0
     438.6      832     1.543     0.513   0.1363       0.065     923.5
     449.6      857     1.558     0.500   0.1363       0.092     926.8
     460.5      832     1.543     0.485   0.1363       0.082     928.8
     471.5      857     1.558     0.502   0.1363       0.161     963.1
     482.5      857     1.557     0.500   0.1363       0.172     971.5

  --- final state: z_i = 857 m, w* = 1.557 m/s, T* = z_i/w* = 550 s, u* = 0.500 m/s
      L = -71.1 m,  z_i/L = -12.1,  10/L = -0.141  (CONUS404 midday p50 at this site: z_i/L = -19.8)
      z_i growth over the last 3 dumps: +67 m/h (entrainment; a CBL has no stationary depth)

  --- sigma_w / w* against Lenschow et al. (1980) (resolved + sub-grid) ---
    z/z_i   z (m)     LES  Lenschow   ratio
     0.05      43   0.423     0.475    0.89
     0.10      86   0.521     0.573    0.91
     0.20     168   0.589     0.657    0.90
     0.35     299   0.669     0.680    0.98
     0.50     428   0.721     0.638    1.13
     0.70     596   0.679     0.527    1.29
     0.89     762   0.438     0.372    1.18
     1.00     857   0.228     0.268    0.85
      surface flux (prescribed htFlux) 0.1363 K m/s; resolved w'theta' at the first level is only 0.0063 -- the rest is sub-grid
      w*/u* = 3.11  (free convection dominates above ~2)

  entrainment ratio 0.172  (expected ~0.2): OK
