=== Ozmidov / resolution, FE_SEED.738720 ===
  dx = 16.0 m, u* = 0.2815 m/s
         z   Delta         N        eps       L_O   L_O/D   f_res         ww
       2.0   10.08   0.00044  6.771e-03   8872.49  880.51   0.001  1.528e-04
       6.0   10.08   0.00052  8.827e-03   7906.69  784.33   0.009  1.284e-03
      10.0   10.09   0.00064  6.376e-03   4891.45  484.68   0.036  4.206e-03
      14.0   10.11   0.00074  4.802e-03   3430.01  339.30   0.083  8.453e-03
      18.1   10.13   0.00081  3.127e-03   2429.82  239.83   0.171  1.446e-02
      22.1   10.16   0.00086  2.118e-03   1811.31  178.29   0.279  2.100e-02
      26.3   10.19   0.00091  1.428e-03   1377.83  135.18   0.404  2.829e-02
      30.4   10.23   0.00093  1.024e-03   1130.69  110.51   0.514  3.548e-02
      34.6   10.28   0.00095  7.641e-04    938.36   91.32   0.606  4.255e-02
      38.9   10.32   0.00096  6.025e-04    829.44   80.34   0.675  4.906e-02
      43.2   10.38   0.00093  4.879e-04    780.82   75.24   0.727  5.489e-02
      47.6   10.44   0.00091  4.043e-04    733.71   70.31   0.766  5.984e-02
      52.1   10.50   0.00089  3.452e-04    700.40   66.71   0.795  6.386e-02
      56.7   10.57   0.00087  3.001e-04    680.38   64.39   0.816  6.691e-02
      61.3   10.64   0.00084  2.654e-04    671.80   63.15   0.832  6.913e-02
      66.1   10.71   0.00083  2.369e-04    639.91   59.73   0.844  7.065e-02
      70.9   10.79   0.00085  2.093e-04    582.91   54.01   0.856  7.163e-02
      75.9   10.88   0.00088  1.841e-04    523.14   48.10   0.867  7.220e-02
      81.0   10.96   0.00090  1.638e-04    477.78   43.58   0.875  7.241e-02
      86.2   11.05   0.00091  1.474e-04    439.46   39.76   0.882  7.225e-02
      91.5   11.15   0.00097  1.346e-04    384.09   34.46   0.887  7.177e-02
      97.0   11.24   0.00105  1.242e-04    329.23   29.28   0.890  7.107e-02
     102.6   11.34   0.00110  1.156e-04    294.02   25.92   0.893  7.020e-02
     108.4   11.44   0.00111  1.075e-04    279.26   24.40   0.896  6.885e-02
     114.3   11.55   0.00111  9.887e-05    268.75   23.27   0.897  6.676e-02
     120.4   11.66   0.00112  9.102e-05    253.37   21.74   0.898  6.414e-02
     126.7   11.76   0.00117  8.388e-05    230.16   19.56   0.898  6.138e-02
     133.2   11.88   0.00125  7.812e-05    200.78   16.91   0.898  5.887e-02
     139.8   11.99   0.00133  7.326e-05    176.78   14.75   0.899  5.690e-02
     146.6   12.10   0.00140  6.791e-05    157.68   13.03   0.900  5.522e-02
     153.7   12.22   0.00145  6.273e-05    142.91   11.69   0.901  5.351e-02
     160.9   12.34   0.00147  5.830e-05    135.45   10.98   0.902  5.163e-02
     168.3   12.46   0.00146  5.402e-05    131.50   10.56   0.902  4.952e-02
     176.0   12.58   0.00149  5.049e-05    122.93    9.77   0.901  4.719e-02
     183.9   12.70   0.00160  4.737e-05    107.74    8.48   0.899  4.460e-02
     192.0   12.83   0.00178  4.541e-05     89.99    7.02   0.895  4.171e-02
     200.4   12.95   0.00199  4.340e-05     73.99    5.71   0.890  3.865e-02
     209.0   13.08   0.00217  4.096e-05     63.19    4.83   0.885  3.553e-02
     217.8   13.20   0.00237  3.845e-05     53.65    4.06   0.879  3.231e-02
     227.0   13.33   0.00265  3.531e-05     43.54    3.27   0.872  2.879e-02
     236.3   13.46   0.00304  3.236e-05     33.94    2.52   0.861  2.489e-02
     246.0   13.59   0.00369  2.995e-05     24.45    1.80   0.845  2.096e-02
     255.9   13.72   0.00481  3.214e-05     17.00    1.24   0.825  1.722e-02
     266.2   13.85   0.00658  4.075e-05     11.95    0.86   0.803  1.374e-02
     276.7   13.98   0.00984  5.625e-05      7.69    0.55   0.774  1.068e-02
     287.5   14.11   0.01597  7.728e-05      4.35    0.31   0.774  9.017e-03
     298.6   14.24   0.02700  9.478e-05      2.19    0.15   0.852  1.102e-02
     310.1   14.37   0.04039  6.567e-05      1.00    0.07   0.954  1.856e-02
     321.8   14.51   0.05040  1.568e-05      0.35    0.02   0.994  2.779e-02
     333.9   14.64   0.05469  1.167e-06      0.08    0.01   1.000  3.149e-02
     346.3   14.77   0.05490  3.434e-07      0.05    0.00   1.000  2.868e-02
     359.1   14.90   0.05311  1.145e-07      0.03    0.00   1.000  2.254e-02
     372.2   15.04   0.05003  1.243e-08      0.01    0.00   1.000  1.654e-02
     385.6   15.17   0.04489  2.019e-10      0.00    0.00   1.000  1.197e-02
     399.5   15.30   0.03658  5.261e-11      0.00    0.00   1.000  8.396e-03

  L_O/Delta, whole stratified column to 400 m (n=52):  min 0.00  median 20.65  max 880.51
    ^ REPORTED, NOT SCORED. L_O/Delta rises steeply with height because N
      falls, so this median flatters a layer whose surface region is starved.
  L_O/Delta, SURFACE LAYER (z <= 50 m, n=12):  min 70.31  median 156.73  max 880.51   |  at the 10 m receptor: 484.68
  VERDICT: resolved band at the receptor: L_O/Delta 484.68 >= 10.0
  resolved fraction of sigma_w^2: 0.036 at z = 10.0 m  (receptor);  0.009 at 6.0 m,  0.083 at 14.0 m
  GABLS1 (Beare et al. 2006) runs this regime at dx = 6.25 m: 2.6x finer, 17x the cells for this domain.
